Nodes{1,2,3,4,5,6,7,8,9,10,11,12,13,14,15,16,17,18,19,20,21,22,23,24,25,26,27,2 8,29,30,31}
Top{1} 
Last{31} 
Arcs{ arc(1,2);
arc(2,3);
arc(3,4);
arc(3,29);
arc(4,5);
arc(5,4);
arc(5,6);
arc(6,7);
arc(7,9);
arc(7,8);
arc(8,10);
arc(9,28);
arc(10,11);
arc(11,12);
arc(11,13);
arc(12,14);
arc(13,12);
arc(14,10);
arc(14,15);
arc(15,16);
arc(16,17);
arc(17,16);
arc(17,18);
arc(18,19);
arc(19,21);
arc(19,20);
arc(21,27);
arc(20,23);
arc(20,22);
arc(22,27);
arc(23,24);
arc(24,25);
arc(24,27);
arc(25,26);
arc(26,25);
arc(26,27);
arc(27,28);
 
arc(28,30);
arc(29,30);
arc(30,31);
arc(30,2);}
